0012015092900088
0012015092900090
0012016040400008
0012016040400009
0012016040400010
0012016040400014
0012017041900122
0012017051600268
0012017062800040
0012017082200001
0012017082200002
0012017082200003
0012017082200004
0012017082200005
0012017082200006
0012017082200007
0012017082200008
0012017082200009
0012017082200010
0012017082200011
0012017082200012
0012017082200013
0012017082200014
0012017082200015
0012017082200016
0012017082200017
0012017082200018
0012017082200019
0012017082200020
0012017082200021
0012017082200022
0012017082200023
0012017082200025
0012017082200026
0012017082200027
0012017082200028
0012017082200029
0012017082200030
0012017082200031
0012017082200032
0012017082200033
0012017082200034
0012017082200035
0012017082300001
0012017082300002
0012017082400001
0012017082400002
0012017082400003
0012017082400004
0012017082400005
0012017082400006
0012017082400007
0012017082400008
0012017082400009
0012017082400010
0012017082400011
0012017082400012
0012017082400013
0012017082400014
0012017082400015
0012017082400016
0012017082400017
0012017082400018
0012017082400019
0012017082400020
0012017082500001
0012017082500002
0012017082500003
0012017082500004
0012017082800001
0012017082800002
0012017082900001
0012017082900002
0012017083000001
0012017083000002
0012017083000003
0012017083000004
0012017083100001
0012017083100002
0012017083100003
0012017083100004
0012017083100005
0012017083100006
0012017083100007
0012017083100008
0012017083100009
0012017083100010
0012017083100011
0012017083100012
0012017083100013
0012017083100014
0012017083100015
0012017083100016
0012017083100017
0012017083100018
0012017083100019
0012017083100020
0012017083100021
0012017083100022
0012017083100023
0012017083100024
0012017083100025
0012017083100026
0012017083100027
0012017083100028
0012017083100029
0012017083100030
0012017083100031
0012017083100032
0012017090100001
0012017090100002
0012017090400001
0012017090400002
0012017090400316
0012017090500001
0012017090500002
0012017090500003
0012017090500004
0012017090500005
0012017090500006
0012017090500007
0012017090500008
0012017090500009
0012017090500010
0012017090500011
0012017090500012
0012017090500013
0012017090500014
0012017090500015
0012017090500016
0012017090500017
0012017090500018
0012017090500019
0012017090500020
0012017090500021
0012017090500022
0012017090500023
0012017090500024
0012017090500025
0012017090500026
0012017090500027
0012017090500028
0012017090500029
0012017090500030
0012017090500031
0012017090500032
0012017090500033
0012017090500034
0012017090500035
0012017090500036
0012017090500037
0012017090500038
0012017090500039
0012017090500040
0012017090500041
0012017090500042
0012017090500043
0012017090500044
0012017090500045
0012017090500046
0012017090500047
0012017090500048
0012017090500049
0012017090500050
0012017090500051
0012017090500052
0012017090500053
0012017090500054
0012017090500055
0012017090500056
0012017090600001
0012017090600002
0012017090600003
0012017090600004
0012017090600005
0012017090600006
0012017090600007
0012017090600008
0012017090600009
0012017090600010
0012017090600011
0012017090600012
0012017090600013
0012017090600014
0012017090600015
0012017090600016
0012017090600017
0012017090600018
0012017090600019
0012017090600020
0012017090600021
0012017090600022
0012017090600023
0012017090600024
0012017090600025
0012017090600026
0012017090600027
0012017090600028
0012017090700001
0012017090700002
0012017090700003
0012017090700004
0012017090700005
0012017090700006
0012017090700007
0012017090700008
0012017090700009
0012017090700010
0012017090700011
0012017090700012
0012017091100001
0012017091100002
0012017091100003
0012017091200001
0012017091200002
0012017091200003
0012017091200004
0012017091200005
0012017091200006
0012017091200007
0012017091200008
0012017091200009
0012017091200010
0012017091200011
0012017091300001
0012017091300002
0012017091300003
0012017091300004
0012017091300005
0012017091300006
0012017091300007
0012017091300008
0012017091300009
0012017091300010
0012017091300011
0012017091300012
0012017091300013
0012017091300014
0012017091300015
0012017091300016
0012017091300017
0012017091300018
0012017091300019
0012017091300020
0012017091300021
0012017091300022
0012017091400001
0012017091400002
0012017091400003
0012017091400004
0012017091400005
0012017091400006
0012017091400007
0012017091400008
0012017091400009
0012017091400010
0012017091500001
0012017091500002
0012017091500003
0012017091500004
0012017091500005
0012017091500006
0012017091800001
0012017091800002
0012017091800003
0012017091800004
0012017091800005
0012017091800006
0012017091800007
0012017091800008
0012017091900001
0012017091900002
0012017091900003
0012017091900004
0012017091900005
0012017091900006
0012017091900007
0012017091900008
0012017091900009
0012017091900010
0012017091900011
0012017091900012
0012017091900013
0012017091900014
0012017091900015
0012017091900016
0012017091900017
0012017091900018
0012017091900019
0012017091900020
0012017091900021
0012017092000001
0012017092200001
0012017092200002
0012017092200003
0012017092200004
0012017092200005
0012017092200006
0012017092600001
0012017092600002
0012017092600003
0012017092600004
0012017092700001
0012017092700002
0012017092700003
0012017092700004
0012017092700005
0012017092700006
0012017092700007
0012017092700008
0012017092700009
0012017092700010
0012017092700011
0012017092700012
0012017092700013
0012017092700014
0012017092700015
0012017092700016
0012017092800001
0012017092800002
0012017092800003
0012017092800004
0012017092900001
0012017092900002
0012017092900003
0012017092900004
0012017092900005
0012017092900006
0012017092900007
0012017092900008
0012017092900009
0012017092900010
0012017092900011
0012017092900012
0012017092900013
0012017092900014
0012017092900015
0012017092900016
0012017093000001
0012017100800001
0012017100800002
0012017100800003
0012017100900001
0012017100900002
0012017100900003
0012017100900004
0012017100900005
0012017100900006
0012017100900007
0012017100900008
0012017100900009
0012017100900010
0012017100900011
0012017100900012
0012017100900013
0012017100900014
0012017100900015
0012017100900016
0012017100900017
0012017100900018
0012017100900019
0012017100900020
0012017100900021
0012017100900022
0012017100900023
0012017101000001
0012017101000002
0012017101000003
0012017101000004
0012017101000005
0012017101000006
0012017101000007
0012017101000008
0012017101000009
0012017101000010
0012017101000011
0012017101000012
0012017101000013
0012017101000014
0012017101000015
0012017101000016
0012017101000017
0012017101000018
0012017101000019
0012017101000020
0012017101100021
0012017101100022
0012017101100023
0012017101100024
0012017101100025
0012017101100026
0012017101200027
0012017101200028
0012017101200029
0012017101200030
0012017101300031
0012017101300032
0012017101300033
0012017101300034
0012017101300035
0012017101300036
0012017101300037
0012017101300038
0012017101400039
0012017101400040
0012017101500041
0012017101500042
0012017101500043
0012017101500044
0012017101500045
0012017101500046
0012017101500047
0012017101500048
0012017101500049
0012017101500050
0012017101500051
0012017101500052
0012017101500053
0012017101500054
0012017101600055
0012017101600056
0012017101600057
0012017101600058
0012017101600059
0012017101600060
0012017101600061
0012017101600062
0012017101600063
0012017101600064
0012017101600065
0012017101600066
0012017101600067
0012017101600068
0012017101600069
0012017101600070
0012017101600071
0012017101600072
0012017101600073
0012017101600074
0012017101600075
0012017101600076
0012017101600077
0012017101600078
0012017101600079
0012017101600080
0012017101600081
0012017101600082
0012017101700083
0012017101700084
0012017101700085
0012017101700086
0012017101700087
0012017101700088
0012017101700089
0012017101700091
0012017101700092
0012017101700093
0012017101700094
0012017101700095
0012017101700096
0012017101700097
0012017101700098
0012017101700099
0012017101700100
0012017101700101
0012017101700102
0012017101700103
0012017101700104
0012017101700105
0012017101700106
0012017101700107
0012017101700108
0012017101700109
0012017101700110
0012017101700111
0012017101800112
0012017101800113
0012017101800114
0012017101800115
0012017101800116
0012017101800117
0012017101800118
0012017101800119
0012017101800120
0012017101800121
0012017101800122
0012017101800123
0012017101800124
0012017101800125
0012017101800126
0012017101800127
0012017101900128
0012017101900129
0012017101900130
0012017101900131
0012017101900132
0012017101900133
0012017101900134
0012017101900135
0012017101900136
0012017101900138
0012017101900139
0012017101900140
0012017101900141
0012017101900142
0012017101900143
0012017101900144
0012017101900145
0012017101900146
0012017101900147
0012017101900148
0012017102000149
0012017102000150
0012017102000151
0012017102000152
0012017102000153
0012017102000154
0012017102200155
0012017102300156
0012017102300157
0012017102300158
0012017102300159
0012017102300160
0012017102300161
0012017102300162
0012017102300163
0012017102300164
0012017102300165
0012017102300166
0012017102300167
0012017102300168
0012017102300169
0012017102300170
0012017102300171
0012017102300172
0012017102300173
0012017102300174
0012017102300175
0012017102300176
0012017102300177
0012017102300178
0012017102300179
0012017102300180
0012017102300181
0012017102300182
0012017102300183
0012017102300184
0012017102300185
0012017102300186
0012017102300187
0012017102300188
0012017102300189
0012017102300190
0012017102400191
0012017102400192
0012017102400193
0012017102400194
0012017102500195
0012017102500196
0012017102500197
0012017102500198
0012017102500199
0012017102500200
0012017102500201
0012017102500202
0012017102500203
0012017102500204
0012017102500205
0012017102500206
0012017102500207
0012017102600208
0012017102600209
0012017102600210
0012017102600211
0012017102600212
0012017102600213
0012017102600214
0012017102600215
0012017102600216
0012017102600217
0012017102600218
0012017102600219
0012017102600220
0012017102600221
0012017102600222
0012017102600223
0012017102600224
0012017102600225
0012017102700226
0012017102700227
0012017102700228
0012017102700229
0012017102700230
0012017102700231
0012017102700232
0012017102700233
0012017102700234
0012017102700235
0012017102700236
0012017102700237
0012017102700238
0012017102700239
0012017102700240
0012017102700241
0012017102700242
0012017102700243
0012017102700244
0012017102700245
0012017102700246
0012017102700247
0012017102700248
0012017102700249
0012017102700250
0012017102700251
0012017102700252
0012017102700253
0012017102700254
0012017102700255
0012017102700256
0012017102700257
0012017102700258
0012017102700259
0012017102700260
0012017102700261
0012017102700262
0012017102700263
0012017102700264
0012017102700265
0012017102700266
0012017102700267
0012017102700268
0012017102700269
0012017102700270
0012017102800271
0012017102800272
0012017102800273
0012017102800274
0012017102800275
0012017102800276
0012017102800277
0012017102800278
0012017102800279
0012017102800280
0012017102800281
0012017102900282
0012017102900283
0012017102900284
0012017102900285
0012017103000286
0012017103000287
0012017103000288
0012017103000289
0012017103000290
0012017103000291
0012017103000292
0012017103000293
0012017103000294
0012017103000295
0012017103000296
0012017103000297
0012017103000298
0012017103000299
0012017103000300
0012017103000301
0012017103000302
0012017103000303
0012017103000304
0012017103000305
0012017103000306
0012017103000307
0012017103000308
0012017103000309
0012017103000310
0012017103000311
0012017103000312
0012017103000313
0012017103000314
0012017103000315
0012017103100316
0012017103100317
0012017103100318
0012017103100319
0012017103100320
0012017103100321
0012017103100322
0012017103100323
0012017103100324
0012017103100325
0012017103100326
0012017103100327
0012017103100328
0012017103100329
0012017103100330
0012017103100331
0012017103100332
0012017103100333
0012017103100334
0012017103100335
0012017103100336
0012017103100337
0012017103100338
0012017103100339
0012017103100340
0012017103100341
0012017103100342
0012017103100343
0012017103100344
0012017103100345
0012017103100346
0012017103100347
0012017103100348
0012017103100349
0012017103100350
0012017103100351
0012017103100352
0012017103100353
0012017103100354
0012017103100355
0012017103100356
0012017103100357
0012017103100358
0012017110100359
0012017110100360
0012017110100361
0012017110100362
0012017110100363
0012017110100364
0012017110100365
0012017110100366
0012017110100367
0012017110100368
0012017110100369
0012017110100370
0012017110100371
0012017110100372
0012017110100373
0012017110100374
0012017110100375
0012017110100376
0012017110100377
0012017110100378
0012017110100379
0012017110100380
0012017110100381
0012017110100382
0012017110100383
0012017110100384
0012017110100385
0012017110100386
0012017110100387
0012017110100388
0012017110100389
0012017110200390
0012017110200391
0012017110200392
0012017110200393
0012017110200394
0012017110200395
0012017110200396
0012017110200397
0012017110200398
0012017110200399
0012017110200400
0012017110200401
0012017110200402
0012017110200403
0012017110200404
0012017110200405
0012017110200406
0012017110200407
0012017110200408
0012017110200409
0012017110200411
0012017110200412
0012017110200413
0012017110200414
0012017110200415
0012017110200416
0012017110200417
0012017110200419
0012017110200420
0012017110200421
0012017110200422
0012017110200423
0012017110200424
0012017110200425
0012017110200426
0012017110200427
0012017110200428
0012017110200432
0012017110200433
0012017110200434
0012017110200435
0012017110200436
0012017110200437
0012017110200438
0012017110200439
0012017110200440
0012017110200441
0012017110200442
0012017110200443
0012017110200444
0012017110200445
0012017110200446
0012017110200447
0012017110200448
0012017110200449
0012017110200450
0012017110200451
0012017110200452
0012017110200453
0012017110200454
0012017110200455
0012017110200456
0012017110200457
0012017110200458
0012017110200459
0012017110200460
0012017110200461
0012017110200462
0012017110200463
0012017110200464
0012017110200465
0012017110200466
0012017110200467
0012017110204672
0012017110204673
0012017110304674
0012017110304675
0012017110304676
0012017110304677
0012017110304678
0012017110404679
0012017110404680
0012017110504681
0012017110504682
0012017110604683
0012017110604684
0012017110604685
0012017110604686
0012017110604687
0012017110604688
0012017110604689
0012017110604690
0012017110604691
0012017110604692
0012017110604693
0012017110604694
0012017110604695
0012017110704696
0012017110704697
0012017110704698
0012017110704699
0012017110704700
0012017110704701
0012017110704702
0012017110704703
0012017110704704
0012017110704705
0012017110704706
0012017110704707
0012017110704708
0012017110704709
0012017110704710
0012017110704711
0012017110804714
0012017110804716
0012017110804719
0012017110804720
0012017110804721
0012017110804722
0012017110804723
0012017110804724
0012017110804725
0012017110804726
0012017110804727
0012017110804728
0012017110804729
0012017110804730
0012017110904731
0012017110904732
0012017110904733
0012017110904734
0012017110904735
0012017110904736
0012017110904737
0012017110904739
0012017110904740
0012017110904741
0012017110904742
0012017110904743
0012017110904744
0012017110904745
0012017110904746
0012017110904747
0012017110904748
0012017110904749
0012017110904752
0012017110904753
0012017110904754
0012017110904755
0012017110904756
0012017111004757
0012017111004758
0012017111004759
0012017111004760
0012017111004761
0012017111004762
0012017111004763
0012017111004764
0012017111004765
0012017111004766
0012017111004767
0012017111004768
0012017111004769
0012017111004770
0012017111004771
0012017111004772
0012017111004776
0012017111004777
0012017111004778
0012017111004779
0012017111004780
0012017111004781
0012017111004783
0012017111004784
0012017111004785
0012017111004786
0012017111004787
0012017111004788
0012017111004789
0012017111004790
0012017111004792
0012017111004793
0012017111004794
0012017111004795
0012017111100001
0012017111100002
0012017111200001
0012017111200002
0012017111300003
0012017111300004
0012017111300006
0012017111300007
0012017111300008
0012017111300009
0012017111300010
0012017111300011
0012017111300012
0012017111300013
0012017111300014
0012017111300015
0012017111300016
0012017111300017
0012017111300019
0012017111300020
0012017111300021
0012017111300022
0012017111300023
0012017111300024
0012017111300025
0012017111300026
0012017111300027
0012017111300028
0012017111300029
0012017111300030
0012017111300031
0012017111300032
0012017111300033
0012017111300034
0012017111300035
0012017111300036
0012017111300037
0012017111300038
0012017111300039
0012017111300040
0012017111300041
0012017111300042
0012017111400001
0012017111400002
0012017111400003
0012017111400004
0012017111400005
0012017111400006
0012017111400007
0012017111400008
0012017111400009
0012017111400010
0012017111400011
0012017111400012
0012017111400013
0012017111500001
0012017111500002
0012017111500003
0012017111500004
0012017111500005
0012017111500006
0012017111500008
0012017111500010
0012017111500011